2.863135405298052 1.546508059048985 2.550636842819202 1.148284080027616 0.069413734719525 0.028670648000159 0.011251771043200 0.010837592630719 0.559734979377298 0.251484593550591 0.254822118790961 0.076902138271738 1.631893005054365 0.004950989311007 0.227406405189114 1.145892647788874 0.001450752471666 0.045265631533525 12.428541394926595
0.354681810596957 3.466869489703801 2.107825661729891 0.285506184069362 0.010485904493239 0.127680060426667 0.034162179086432 0.004889584104789 0.054035941875674 0.567678358956241 0.263516650170803 0.030554767649669 6.603845541821538 0.047601134249829 0.621994273321667 3.772828937563418 0.050813529626825 0.504730017803622 18.909700027250423
3.078935335960833 4.077196305637740 43.859051357940764 1.680097274869446 0.046584101187027 0.092020855736345 0.067720197025007 0.023209595223755 0.368635018429591 0.632116660185156 1.814436652136198 0.116244756235737 67.070202010057017 0.159803368886288 1.364989361593681 9.311941058314101 0.042360740923759 0.511998094805907 134.317542745148359
0.000000000000000 0.000000000000000 0.000000000000000 0.000000000000000 0.000000000000000 0.000000000000000 0.000000000000000 0.000000000000000 0.000000000000000 0.000000000000000 0.000000000000000 0.000000000000000 0.000000000000000 0.000000000000000 0.000000000000000 7.241753236816877 0.000000000000000 0.000000000000000 7.241753236816877
0.065201013888632 0.059640707799135 0.063972941898689 0.049088526238320 17.246418473429053 7.373739922065798 4.009765946135221 7.328950560976468 0.614477972814287 0.506727118382778 0.282095618218716 0.256891817779330 0.044157069364419 0.725591352164479 0.267575189968639 0.019982522814279 0.763233508524801 0.084645029781435 39.762155292244472
0.041973372193950 0.166953546049576 0.228373297658344 0.052488368964989 2.476916635094730 23.336640631127505 6.305498210627970 1.190010070389349 0.160255280434868 1.586192530703459 0.861423154361416 0.159690990725808 0.570127853011882 9.988082970713666 1.889212474408475 0.388876350154252 6.322609751329590 1.460643069229457 57.185968557179287
0.012885823035534 0.028021476312525 0.086350460955322 0.011252938386138 6.587361419231458 7.396719803574791 14.106128759537572 3.566560518425661 0.107489069580845 0.276275953458202 0.620480470096406 0.054335578985399 0.121345682639272 25.598861755694621 0.555532040370928 0.058966441161134 3.819442141138590 0.251733379610165 63.259743712194563
0.000000000000000 0.000000000000000 0.000000000000000 0.000000000000000 0.000000000000000 0.000000000000000 0.000000000000000 0.000000000000000 0.000000000000000 0.000000000000000 0.000000000000000 0.000000000000000 0.000000000000000 0.000000000000000 0.000000000000000 0.000000000000000 17.457265020454464 0.000000000000000 17.457265020454464
0.891579382340024 0.233980884464226 0.400775863153277 0.123928202968255 2.444935540480910 0.472232924825265 0.328566433999886 0.188772845813187 22.178812399904764 9.863196948265598 10.509913309855968 5.509091619020166 0.234396541016323 0.041943097082064 6.247706439917489 0.136070061458959 0.019717069516930 2.546153913372970 62.371773477456266
0.105344500359149 0.735598911789241 0.559433745766614 0.103641192496074 0.148313033228846 1.640222081281591 0.443140608482441 0.083409635842580 2.800036642673111 26.489200623489904 11.492247998201517 1.431844434795594 1.873005882657276 0.432680080357256 32.809384238842867 1.051178325101705 0.604376934451893 11.661105973511521 94.464164843329172
0.215526140886396 0.289933462217563 1.263208653114366 0.089655852622020 0.382005982500234 0.547645140568367 0.491879554876399 0.141715652430773 12.425491759210848 18.493362221410344 80.727468487137585 5.058800392585198 1.291316035507496 0.657759131389129 129.208196396841430 0.522291117373554 0.296224420175164 14.302151362949937 266.404631763796829
0.000000000000000 0.000000000000000 0.000000000000000 0.000000000000000 0.000000000000000 0.000000000000000 0.000000000000000 0.000000000000000 0.000000000000000 0.000000000000000 0.000000000000000 0.000000000000000 0.000000000000000 0.000000000000000 0.000000000000000 0.000000000000000 0.000000000000000 23.459991702776161 23.459991702776161
4.799278592698485 8.304997149333037 83.197913661650873 3.697810596317618 10.349720553610952 16.170396651465975 37.461630244144501 4.918909114688046 23.102804395747530 35.797929799198684 159.578227187076379 10.765635195426457 0.000000000000000 0.000000000000000 0.000000000000000 0.000000000000000 0.000000000000000 0.000000000000000 398.145253141358523
12.428541377258012 18.909699992355826 134.317542486687330 7.241753216959838 39.762155377975965 57.185968719072463 63.259743904958626 17.457265170525332 62.371773460048814 94.464164807600952 266.404631646045914 23.459991691475096 79.440289621129580 37.657273879848340 173.191996820454278 23.649780698547154 29.377493868613680 54.828418175374701 1195.408484914931933
