-0.000000009167348
-0.020192927919211
0.004376631062913
0.000004769666077
0.000001424940695
0.000000000065059
-0.000300122590933
0.000000028272980
-0.014755437802826
0.000000000062198
-0.000015539213430
-0.000000047121662
-0.050570587222633
-0.000338760963364
0.000000001793531
-0.130867465408659
-0.022107588537155
0.000000002490801
-0.093879716288956
0.000001604576781
0.000018577324193
0.000000000024961
-0.000005732842304
0.000000003912201
-0.000228339856460
0.000000000001369
-0.000000054795869
-0.000000000313328
-0.003735258638405
-0.000000033105614
0.000000000814394
-0.000926348456393
-0.000043717799927
-0.000000027678031
-0.003372528915875
0.000005478563253
0.000000653789529
0.000000000011174
-0.000004102889699
0.000000010620282
-0.000856598159372
0.000000000001295
-0.000000075035836
0.000000001187871
-0.009154664745829
-0.000000072853856
0.000000000071180
-0.002818591694449
-0.000049429440896
-0.000000040480461
-0.001811084335106
0.000000007443581
-0.000899670744616
0.000050111234730
0.000000352840530
-0.000000227947513
0.000000000072351
-0.000290160856372
0.000342177624248
0.000794892525195
0.000000000047823
-0.000014932224079
0.000021030980873
-0.000883404168115
-0.000322357131014
0.000202691981745
0.016656750701180
-0.020921722341772
0.001859549265038
0.013050343779457
0.000001871594399
-0.000022690964108
0.000000000044452
-0.000005202520179
0.000005291237275
-0.000248899774654
-0.000000000001436
-0.000000088608232
0.000000020881361
-0.000122071501687
-0.000000078243933
0.000000000338148
-0.000226338676677
-0.000040442622500
0.000045331505529
0.000838363583686
0.000008562714243
-0.000000806211200
0.000000000023202
-0.000003837146657
0.000002197686045
-0.005246238247095
0.000000000000577
-0.000000126262708
0.000000017816942
-0.000236378112099
-0.000000236534092
0.000000010191246
-0.000531877248079
-0.000047246719078
0.000028545071623
0.000682345397532
0.000000007632800
-0.000856044610529
0.000049165057757
0.000000117495759
-0.000000106758031
0.000000000084703
-0.000279900016231
0.000328770381601
0.000617142682680
0.000000000034467
-0.000014375772043
0.000020051598952
-0.000864596199936
-0.000306417825102
0.000191647740599
0.015729925932182
-0.019640742871710
0.001707669504991
0.011834395239789
0.000001531251918
-0.000020601909761
0.000000000046785
-0.000004721879321
0.000004884690027
-0.000235464895587
-0.000000000001194
-0.000000095946039
0.000000031480435
-0.000113071496060
-0.000000088731123
0.000000020056380
-0.000209592208248
-0.000037554239115
0.000042406328496
0.000780323336262
0.000003449372599
-0.000000359935632
0.000000000024672
-0.000003517864993
0.000002070209130
-0.000355342598077
0.000000000000383
-0.000000167893447
0.000000020688198
-0.000202078294251
-0.000000209977410
0.000000074494295
-0.019969731146517
-0.000043610966988
0.000027545829351
0.000670426303710
0.000000007361532
-0.000815821358174
0.000050077358385
0.000000170759762
0.000000122087800
0.000000000094997
-0.000270047466106
0.000315042897823
0.001059585687492
0.000000000023145
-0.000013814675611
0.000019069244597
-0.000847258586552
-0.000290844913304
0.000181062641494
0.014846076923025
-0.018645710507390
0.001631887657769
0.010924363412058
0.000001139693730
-0.000013714722552
0.000000000048040
-0.000004292709854
0.000004504313086
-0.000222092756286
-0.000000000000622
-0.000000078694243
0.000000038764867
-0.000105376355148
-0.000000075466371
0.000000029811341
-0.000196193509585
-0.000034893661364
0.000039775019642
0.000728381563281
0.000004486766102
-0.000000362196978
0.000000000025485
-0.000003222953657
0.000001947581668
-0.000340543802741
0.000000000000332
-0.000000162690635
0.000000056969522
-0.000187213335003
-0.000000212134074
0.000000073404451
-0.000436622437462
-0.000040729494827
0.000025710241639
0.000634957858534
0.000000005924756
-0.000773020291923
0.000353708028123
0.000000487175342
0.000000000125767
0.000000000097916
-0.000259731457890
0.000301492168259
0.001510680141172
0.000000000015287
-0.000013293059741
0.000018206595561
-0.000832510323009
-0.000275876975063
0.000170932447230
0.009132170153864
-0.017554469924349
0.001556145866854
0.010619907253550
0.000000897040714
-0.000010124403052
0.000000000046957
-0.000003939062007
0.000004170496842
-0.000208034116141
0.000000000000417
-0.000000085486102
0.000000039252743
-0.000098800899345
-0.000000084720277
0.000000035299098
-0.000182164752207
-0.000032516050548
0.000037298468085
0.000680058375675
0.000003304245411
-0.000000232167642
0.000000000024667
-0.000002965520711
0.000001805398960
-0.000322831967894
0.000000000000201
-0.000000161197358
0.000000062074232
-0.000172777396230
-0.000000209000892
0.000000081548042
-0.000410622477233
-0.000038055165758
0.000024221544812
0.000594184092183
0.000000005369018
-0.003172338132750
0.000048796800791
0.000000654593180
-0.000000186886982
0.000000000096617
-0.000249298275332
0.000287386530572
0.001363858606687
0.000000000010892
-0.000012643322806
0.000017342421405
-0.000211166484102
-0.000261495674964
0.000161301822533
0.008332859483509
-0.016605745915370
0.001442246521009
0.009704393510111
0.000000710460029
-0.000008185676512
0.000000000043475
-0.000003607930473
0.000003871888419
-0.000196702633716
-0.000000000000565
-0.000000070192792
0.000000037111427
-0.000092253783160
-0.000000070549853
0.000000037399658
-0.000171356516308
-0.000030332312821
0.000034990364700
0.000635517870997
0.000002593345130
-0.000000196694924
0.000000000022683
-0.000002714797331
0.000001681782543
-0.000306451904676
0.000000000000062
-0.000000136027358
0.000000059380652
-0.000163766952021
-0.000000183372537
0.000000081189446
-0.000399142474237
-0.000035624918047
0.000022794675777
0.000555426617222
0.000000004738671
-0.000692278776256
0.000047332540738
0.000000573560612
0.000000276219802
0.000000000093143
-0.000241007030491
0.000273022768271
0.000621399861134
0.000000000007067
-0.000012130934850
0.000016370455061
-0.000803050228702
-0.000247542704462
0.000152228701784
0.012463244972359
-0.015609416279183
0.001366383535334
0.009715212683356
0.000000545217098
-0.000005283113114
0.000000000038854
-0.000003319884268
0.000003598206222
-0.000184837470506
-0.000000000000196
-0.000000065944981
0.000000037494980
-0.000085946741043
-0.000000067193799
0.000000038139214
-0.000161172437094
-0.000028331843256
0.000032855318148
0.000594666032331
0.000001889507956
-0.000000107439148
0.000000000020990
-0.000002549150065
0.000001569687201
-0.000288788721747
0.000000000000112
-0.000000129898574
0.000000059277867
-0.000153230365306
-0.000000174745711
0.000000082301499
-0.000363195183411
-0.000033530131933
0.000021469533501
0.000516537182122
0.000000003978287
-0.000659235689973
0.000046084713953
0.000001071344357
-0.000000356611823
0.000000000085022
-0.000231114461121
0.000260360637390
0.001708911265530
0.000000000004671
-0.000011502047438
0.000015612298454
-0.000185800086235
-0.000234231784582
0.000143529471512
0.006855501910637
-0.014708566965141
0.001252452486075
0.009708548581019
0.000000453862285
-0.000004307654372
0.000000000033619
-0.000003061343530
0.000003348875676
-0.000173108164515
-0.000000000000220
-0.000000057705052
0.000000037824089
-0.000082150671457
-0.000000059653675
0.000000036399237
-0.000152222137698
-0.000026502672297
0.000030849411011
0.000556991189232
0.000001726721678
-0.000000121411268
0.000000000018482
-0.000002401396946
0.000001477384185
-0.005146531201039
0.000000000000015
-0.000000107723366
0.000000055964204
-0.000147559397526
-0.000000149169726
0.000000077655209
-0.000352696914007
-0.000031319740640
0.000020296394017
0.000485868337062
0.000000003434466
-0.000622098508885
0.000043839300411
0.000000716108133
0.000000037376378
0.000000000079150
-0.000223083951635
0.000246525184917
0.000374949934883
0.000000000003291
-0.000010902388267
0.000014738153620
-0.000170052228623
-0.000221435068826
0.000135353285829
0.011063339724370
-0.013902117625144
0.001176602804563
0.007892990450532
0.000000363143840
-0.000003774079729
0.000000000030449
-0.000002822563638
0.000003118704732
-0.000163144126393
-0.000000000000201
-0.000000044836508
0.000000033810359
-0.000077008889885
-0.000000047372468
0.000000035986757
-0.000139515591804
-0.000024811330000
0.000028973937999
0.000521651349175
0.000001171169743
-0.000000099409920
0.000000000016601
-0.000002227462641
0.000001410648029
-0.000259361465291
-0.000000000000004
-0.000000095790675
0.000000053275752
-0.000133961698829
-0.000000134576454
0.000000074540969
-0.000322457586435
-0.000029391172204
0.000019044899124
0.000457641864216
0.000000002726698
-0.000587976148104
0.000347215708492
0.000000864934435
0.000000044123073
0.000000000073913
-0.000215246330024
0.000234236526165
0.000870603151363
0.000000000002073
-0.000010342625263
0.000013898517685
-0.000769260295404
-0.000209159117880
0.000127582083296
0.010414699027424
-0.013048024400839
0.001138748035339
0.007590037974204
0.000000279243764
-0.000002644581151
0.000000000027130
-0.000002617802709
0.000002895101910
-0.000153532958434
-0.000000000000453
-0.000000040610573
0.000000033004204
-0.000071048840855
-0.000000043236104
0.000000033791838
-0.000134635819781
-0.000023259732461
0.000027247155321
0.000489071054798
0.000000850763485
-0.000000059293985
0.000000000015052
-0.000002062234233
0.000001320017791
-0.000248871001922
0.000000000000001
-0.000000075419540
0.000000049599879
-0.000128152910705
-0.000000111910689
0.000000069161126
-0.000313916300286
-0.000027571232869
0.000017934132369
0.000429773670678
0.000000002254962
-0.000557198004657
0.000192899428935
0.000000985238543
-0.000000105758345
0.000000000066742
-0.000207533387640
0.000222376744011
0.001372357678490
0.000000000001228
-0.000009831338347
0.000013146728183
-0.000151737323841
-0.000197504405915
0.000120148651926
0.009804526967308
-0.012241759488844
0.001062824523851
0.007286154658448
0.000000227578234
-0.000001530830532
0.000000000024346
-0.000002425996838
0.000002717123889
-0.000145987357071
-0.000000000000065
-0.000000031290514
0.000000030364216
-0.000067189981058
-0.000000033942513
0.000000031854484
-0.000122304092650
-0.000021804281082
0.000025604368272
0.000458389857087
0.000000719660250
-0.000000040253487
0.000000000013325
-0.000001923216946
0.000001232398270
-0.000235135204045
0.000000000000027
-0.000000072872578
0.000000047153762
-0.000117355495483
-0.000000107828237
0.000000064697388
-0.000286732862492
-0.000025886300598
0.000016863811366
0.000403163335161
0.000000001741518
-0.002961660830486
0.000038728881579
0.000000909334304
-0.000000009935342
0.000000000059787
-0.000200320283037
0.000210814083277
0.000661640522452
0.000000000000785
-0.000009329540356
0.000012438058880
-0.000751377667388
-0.000186398100456
0.000113135743897
0.004350485774383
-0.011672795896920
0.000986917709820
0.007288726847942
0.000000190751820
-0.000001703883562
0.000000000021320
-0.000002250583535
0.000002530770591
-0.000134946578315
0.000000000000129
-0.000000024372442
0.000000027882205
-0.000063037430937
-0.000000025890471
0.000000029423921
-0.000117257116183
-0.000020460984004
0.000024074271649
0.000430276135575
0.000000547424037
-0.000000040854309
0.000000000011707
-0.000001789805015
0.000001154552009
-0.000219596772263
0.000000000000002
-0.000000059507219
0.000000043259876
-0.000116166261392
-0.000000091744956
0.000000060322492
-0.000283327941872
-0.000024304556756
0.000015863951186
0.000378214416532
0.000000001525186
-0.000494724026119
0.000113354645659
0.000000945781849
-0.000000341615469
0.000000000054821
-0.000192282619932
0.000199993471656
0.001173947548030
0.000000000000525
-0.000008802652113
0.000011768463342
-0.000135103865888
-0.000175889441111
0.000106554716664
0.003807170735284
-0.010866540505012
0.000949023397585
0.006373373090911
0.000000155276943
-0.000000443395251
0.000000000019336
-0.000002099874212
0.000002368737807
-0.000129705482705
-0.000000000000111
-0.000000024413386
0.000000024840497
-0.000059940138883
-0.000000025619551
0.000000026648938
-0.000109015601183
-0.000019219552598
0.000022624845180
0.000403620110593
0.000000463124422
-0.000000012502098
0.000000000010425
-0.000001668113247
0.000001080933932
-0.000212032025797
-0.000000000000009
-0.000000050553726
0.000000040772773
-0.000105761243347
-0.000000080008037
0.000000057786287
-0.000255434007187
-0.000022836934944
0.000014923966300
0.000355149491920
0.000000001173776
-0.000471686809625
0.000035658789250
0.000000606126193
0.000000106558356
0.000000000047407
-0.000185763032941
0.000188898486812
0.000474771423409
0.000000000000397
-0.000008360838783
0.000011073718501
-0.000126650785204
-0.000165851524382
0.000100363654210
0.008170307803835
-0.010249956013338
0.000835050254224
0.006072321450663
0.000000133142187
-0.000001416161771
0.000000000016794
-0.000001955387816
0.000002216493683
-0.000123260726148
0.000000000000064
-0.000000021141406
0.000000022927318
-0.000055753624951
-0.000000022722461
0.000000025811836
-0.000104280633955
-0.000018050715031
0.000021277158297
0.000379047708133
0.000000398098337
-0.000000033370621
0.000000000008917
-0.000001558491984
0.000001013482905
-0.000198134363220
-0.000000000000009
-0.000000046303053
0.000000037073453
-0.000099965759681
-0.000000072870110
0.000000053261189
-0.000233043797181
-0.000021462857216
0.000014039427489
0.000333711572321
0.000000001079798
-0.000443331148027
0.000033635069816
0.000000765526863
-0.000000116448179
0.000000000044956
-0.000178666207096
0.000179369972879
0.000996654468981
0.000000000000153
-0.000007893036139
0.000010478503340
-0.000118756549680
-0.000156416802262
0.000094458532210
0.002807857547148
-0.009633053941989
0.000835208339496
0.005465611444413
0.000000102525561
-0.000000310713816
0.000000000015638
-0.000001819602716
0.000002070255120
-0.000113826040348
0.000000000000025
-0.000000014490274
0.000000023718754
-0.000053383290824
-0.000000016224947
0.000000023628024
-0.000095421374485
-0.000016961191415
0.000020012588213
0.000355884840435
0.000000307241862
-0.000000009202726
0.000000000008308
-0.000001459789940
0.000000953642817
-0.000189820158912
-0.000000000000001
-0.000000037638599
0.000000036119435
-0.000093229668956
-0.000000065417497
0.000000048510044
-0.000216547919081
-0.000020166046985
0.000013212211386
0.000313523040287
0.000000000788319
-0.000418802823042
0.000108349140314
0.000000696056688
-0.000000288067209
0.000000000039380
-0.000171079382331
0.000169758787541
0.000913651618116
0.000000000000121
-0.000007446925683
0.000009864490033
-0.000722071887939
-0.000147464419268
0.000088900700816
0.002354002891935
-0.009016298264250
0.000759219231022
0.005464989384814
0.000000094183534
-0.000000284800794
0.000000000013702
-0.000001702488247
0.000001943537987
-0.000106645503599
-0.000000000000011
-0.000000015095008
0.000000020833073
-0.000048753556380
-0.000000016659919
0.000000022002997
-0.000091614715305
-0.000015945180510
0.000018814719325
0.000334226312688
0.000000270851075
-0.000000011389879
0.000000000007252
-0.000001371652506
0.000000891717110
-0.000178694453714
0.000000000000012
-0.000000033141650
0.000000031899650
-0.000088644289960
-0.000000058179300
0.000000045173584
-0.000212467810314
-0.000018965297921
0.000012420838061
0.000294516903164
0.000000000647761
-0.000394673039580
0.000030877441590
0.000000370270740
-0.000000059407783
0.000000000034552
-0.000164131209106
0.000160140655411
0.000226270023591
0.000000000000045
-0.000007022508793
0.000009287577027
-0.000105046686540
-0.000138954930433
0.000083719547680
0.006801954841137
-0.008541929378651
0.000683240147573
0.005771948674065
0.000000080450334
-0.000000766922983
0.000000000012051
-0.000001591064663
0.000001820088688
-0.000102211858988
0.000000000000084
-0.000000012618992
0.000000022334790
-0.000047403006529
-0.000000013742212
0.000000019534238
-0.000084691738749
-0.000014987080445
0.000017696635734
0.000314189639305
0.000000239922144
-0.000000021299196
0.000000000006298
-0.000001285220697
0.000000838060414
-0.000165995548661
-0.000000000000006
-0.000000043689929
0.000000030919302
-0.000084349757429
-0.000000055564124
0.000000044698845
-0.000209647938334
-0.000017951702503
0.000011686454113
0.000274109385540
0.000000000556805
-0.000372394015123
0.000105302335628
0.000000323186867
0.000000022030893
0.000000000032852
-0.000157443757916
0.000151436867779
0.000150578509087
-0.000000000000054
-0.000006632073900
0.000008734946432
-0.000708954535466
-0.000130870950182
0.000078789790239
0.006398566273231
-0.007972584658303
0.000683353780605
0.005163408133130
0.000000065137272
-0.000000403414524
0.000000000011368
-0.000001488733969
0.000001707115793
-0.000094067377148
0.000000000000004
-0.000000010407798
0.000000019673686
-0.000045453426172
-0.000000011397455
0.000000019774185
-0.000080148916495
-0.000014100139182
0.000016645789000
0.000295094679146
0.000000184717464
-0.000000013552022
0.000000000005921
-0.000001199217146
0.000000788164353
-0.000160369077186
-0.000000000000006
-0.000000051662584
0.000000033518843
-0.004954386306139
-0.000000048228190
0.000000039703354
-0.000187583581493
-0.000016849722583
0.000011055108344
0.000258941762297
0.000000000443612
-0.000349179794725
0.000103898938452
0.000000373374348
-0.000000070585777
0.000000000030119
-0.000150639788229
0.000143315800615
0.000687950976072
-0.000000000000025
-0.000006249324935
0.000008240656350
-0.000094104760282
-0.000123235931060
0.000074112922571
0.006011521829445
-0.007498016781763
0.000645421754064
0.004251348615890
0.000000057815377
-0.000000375248721
0.000000000009952
-0.000001395708692
0.000001599441624
-0.000089533525301
-0.000000000000029
-0.000000009357993
0.000000017107338
-0.000042757918389
-0.000000010147780
0.000000018835750
-0.000076430361109
-0.000013265602988
0.000015656850962
0.000277503104037
0.000000153185738
-0.000000004576926
0.000000000005358
-0.000001124501710
0.000000740891414
-0.000151318174948
0.000000000000016
-0.000000050162941
0.000000042698185
-0.000076578321334
-0.000000044387322
0.000000036958325
-0.000180573655769
-0.000015851803291
0.000010386728128
0.000245256614001
0.000000000371514
-0.000329699973165
0.000026305717721
0.000000305721713
-0.000000034312631
0.000000000027237
-0.000143942889897
0.000135408113228
0.000619533299137
0.000000000000001
-0.000005884420559
0.000007756719235
-0.000088465997927
-0.000116056185773
0.000069717875734
0.005649257362065
-0.007070964049255
0.000607457426446
0.004251998778668
0.000000049921312
-0.000000250765797
0.000000000009075
-0.000001306073210
0.000001498678690
-0.000084815819804
-0.000000000000001
-0.000000007800048
0.000000017380738
-0.000040331946763
-0.000000007793666
0.000000017711024
-0.000071151714585
-0.000012485744205
0.000014733010594
0.000260788922002
0.000000131697675
-0.000000010486933
0.000000000004810
-0.000001063269108
0.000000694316096
-0.000144106262468
0.000000000000019
-0.000000045658238
0.000000039365333
-0.000071861659173
-0.000000040974427
0.000000035384991
-0.000158411032288
-0.000014915039300
0.000009769294456
0.000230783366195
0.000000000315701
-0.000312474958413
0.000024566873894
0.000000272012414
-0.000000070433971
0.000000000024953
-0.000137430543373
0.000127864163619
0.000553445394112
0.000000000000041
-0.000005552256337
0.000007300285384
-0.000083487566320
-0.000109245049582
0.000065595425143
0.005315747557851
-0.006643848810859
0.000569488765974
0.003643720365734
0.000000046478029
-0.000000200023678
0.000000000008199
-0.000001224221726
0.000001409395180
-0.000079916240796
-0.000000000000013
-0.000000007199580
0.000000016351833
-0.000038343734762
-0.000000007119654
0.000000014592491
-0.000068957337941
-0.000011743357707
0.000013865744002
0.000245095001659
0.000000111670886
-0.000000008036844
0.000000000004321
-0.000000997153987
0.000000656852446
-0.000132950037774
0.000000000000010
-0.000000042752783
0.000000036521495
-0.000066286830545
-0.000000040371075
0.000000033607602
-0.000161745412271
-0.000014032607207
0.000009190303606
0.000216671544013
0.000000000241110
-0.000293601614345
0.000175869680911
0.000000201548346
0.000000032578801
0.000000000022640
-0.000131346267939
0.000120733552941
0.000489660545476
-0.000000000000107
-0.000005236673061
0.000006865204929
-0.000079211030779
-0.000102837454903
0.000061687287283
0.004997018518918
-0.006264913484967
0.000531513631955
0.003947498442469
0.000000041391630
-0.000000148178345
0.000000000007592
-0.000001147161542
0.000001326009621
-0.000074305255610
-0.000000000000014
-0.000000006136137
0.000000015169183
-0.000033937292563
-0.000000006114737
0.000000014795348
-0.000064423805839
-0.000011054544857
0.000013038416758
0.000230452104866
0.000000097720516
-0.000000002847523
0.000000000003911
-0.000000930730233
0.000000614649926
-0.000126295405371
-0.000000000000025
-0.000000038375720
0.000000034610343
-0.000061073582096
-0.000000034240371
0.000000033102130
-0.000150014219827
-0.000013201810001
0.000008639209639
0.000203754156693
0.000000000195252
-0.000276139199769
0.000022064992498
0.000000276762222
-0.000000115611192
0.000000000020513
-0.000124903966439
0.000114141127978
0.000430816013408
-0.000000000000080
-0.000004926385253
0.000006468056160
-0.000684669674351
-0.000096831248494
0.000058026184223
-0.000175879352595
-0.005933366442716
0.000493587265278
0.004252917209132
0.000000039031818
-0.000000127885966
0.000000000006855
-0.000001077801766
0.000001246184542
-0.000071306856193
0.000000000000007
-0.000000004990462
0.000000014147279
-0.000033991430990
-0.000000005653621
0.000000013603501
-0.000057177224568
-0.000010396737994
0.000012258397519
0.000216585416624
0.000000093305715
-0.000000006886338
0.000000000003513
-0.000000879711115
0.000000580412667
-0.000121019162547
-0.000000000000004
-0.000000034283307
0.000000034307389
-0.000062240173882
-0.000000035211861
0.000000030980927
-0.000125890535145
-0.000012414784175
0.000008120399333
0.000191567220792
0.000000000177145
-0.000263326591224
0.000173509366898
0.000000145385727
-0.000000066360441
0.000000000018419
-0.000118892157973
0.000107563751636
0.000374014843371
-0.000000000000061
-0.000004647524044
0.000006084443427
-0.000678386496036
-0.000091104117791
0.000054575878552
0.004415513622462
-0.005553569985577
0.000455645881218
0.002732580784805
0.000000037454441
-0.000000143639198
0.000000000006060
-0.000001008814766
0.000001165613202
-0.000066663979230
0.000000000000005
-0.000000004348739
0.000000013938841
-0.000030341579458
-0.000000004555039
0.000000013579155
-0.000056540237691
-0.000009794805765
0.000011530710541
0.000203619643280
0.000000088223601
-0.000000003184426
0.000000000003134
-0.000000827657934
0.000000538799478
-0.000113952051828
-0.000000000000012
-0.000000035438917
0.000000029155998
-0.000052978764415
-0.000000033135687
0.000000028456359
-0.000139369179436
-0.000011685186164
0.000007640519880
0.000180142841128
0.000000000166762
-0.000245570264930
0.000019977119830
0.000000095912696
0.000000030945298
0.000000000016759
-0.000113244728793
0.000101461017734
0.000320411043856
-0.000000000000074
-0.000004377187702
0.000005736197132
-0.000065854584562
-0.000085718300132
0.000051336282887
0.004151325546431
-0.005173754246320
0.000417649842755
0.003341662780766
0.000000033532750
-0.000000356453200
0.000000000005686
-0.000000944914831
0.000001098711366
-0.000064081530010
-0.000000000000004
-0.000000003896113
0.000000014940370
-0.000029164090511
-0.000000004499159
0.000000012170952
-0.000049002960121
-0.000009214000206
0.000010862271984
0.000191683919848
0.000000078050277
-0.000000008893126
0.000000000002848
-0.000000777110547
0.000000511222000
-0.000107751197364
0.000000000000004
-0.000000031062172
0.000000030100689
-0.000053918147088
-0.000000029619923
0.000000027414155
-0.000119467401646
-0.000011003811608
0.000007189369198
0.000169171342773
0.000000000124293
-0.000233270755871
0.000018580934475
0.000000133023121
-0.000000011525616
0.000000000016180
-0.000107537904428
0.000095818525294
0.000877779667203
0.000000000000039
-0.000004121653008
0.000005387335415
-0.000671265851908
-0.000080627417843
0.000048264643659
0.003902362874721
-0.004936600463287
0.000417713657772
0.003037897181218
0.000000029557526
-0.000000082549662
0.000000000005084
-0.000000888002782
0.000001033525359
-0.000060570342647
-0.000000000000009
-0.000000003968203
0.000000012216835
-0.000025962467463
-0.000000003895570
0.000000010522441
-0.000052718665653
-0.000008674767959
0.000010202707461
0.000180102068263
0.000000062732596
-0.000000001664925
0.000000000002667
-0.000000731263938
0.000000479026502
-0.000100784832707
-0.000000000000005
-0.000000029619476
0.000000027271761
-0.000046641188163
-0.000000027245421
0.000000026419721
-0.000125948228430
-0.000010348570642
0.000006765976280
0.000159125599421
0.000000000125024
-0.000219077361841
0.000093885855307
0.000000128183984
-0.000000009158195
0.000000000014287
-0.000102108668541
0.000090322673401
0.000829240967173
0.000000000000008
-0.000003905268462
0.000005075814137
-0.000058913143486
-0.000075846666074
0.000045368287301
0.003664243513963
-0.004604681889514
0.000379709073611
0.002732676798584
0.000000028245964
0.000000006428469
0.000000000004737
-0.000000830720971
0.000000973649989
-0.000055945950252
-0.000000000000006
-0.000000004326347
0.000000010478357
-0.000025269934600
-0.000000004194717
0.000000009930471
-0.000047285425975
-0.000008158593100
0.000009606516643
0.000169481511705
0.000000057087448
-0.000000003099756
0.000000000002335
-0.000000688912281
0.000000453321623
-0.000093435415945
0.000000000000008
-0.000000027836072
0.000000024361963
-0.000042808462410
-0.000000024517929
0.000000023806022
-0.000098729356097
-0.000009730475139
0.000006359984589
0.000149669583653
0.000000000117792
-0.000203738714660
0.000016898720289
0.000000138026834
-0.000000057754964
0.000000000012774
-0.000096743235729
0.000085183792846
0.000173086673810
0.000000000000079
-0.000003681225574
0.000004804155528
-0.000054849394409
-0.000071331889730
0.000042651054526
-0.001428864748801
-0.004415163497282
0.000341740505581
0.003038201880697
0.000000031396098
-0.000000380178458
0.000000000004111
-0.000000778994158
0.000000904531608
-0.000052367035029
0.000000000000007
-0.000000002514157
0.000000010988501
-0.000024592258499
-0.000000002373636
0.000000010978454
-0.000043710192788
-0.000007686285079
0.000009031424941
0.000159326493630
0.000000065919721
-0.000000010392722
0.000000000002098
-0.000000638734961
0.000000425268296
-0.000091334061990
-0.000000000000004
-0.000000022109710
0.000000025316226
-0.000044859943927
-0.000000023136543
0.000000023023716
-0.000096074157028
-0.000009167474032
0.000005981020638
0.000140688408898
0.000000000047141
-0.000195537182748
0.000015803302888
0.000000072594929
0.000000020487266
0.000000000012844
-0.000092030671962
0.000080161595912
0.000128982672589
0.000000000000022
-0.000003476720536
0.000004519989813
-0.000052305111462
-0.000067157613008
0.000040117513497
0.003242146248952
-0.004082807517252
0.000379864950033
0.002429086101029
0.000000021580625
-0.000000042525636
0.000000000003826
-0.000000732724165
0.000000853537482
-0.000048985793244
-0.000000000000110
-0.000000002492000
0.000000011158030
-0.000022603046553
-0.000000002305139
0.000000008781380
-0.000036842960831
-0.000007232772976
0.000008496822290
0.000149771916799
0.000000039712091
-0.000000003069608
0.000000000002087
-0.000000602708250
0.000000400349782
-0.000082428089476
-0.000000000000002
-0.000000020090646
0.000000023634430
-0.000040795583836
-0.000000021645995
0.000000021204310
-0.000093534572983
-0.000008625031448
0.000005624801930
0.000132604973501
0.000000000069434
-0.000182402389747
0.000090884425458
0.000000118140889
-0.000000085581360
0.000000000011321
-0.000086958964808
0.000075771987847
0.000697637588393
-0.000000000000036
-0.000003269499679
0.000004273568956
-0.000049680985020
-0.000063162227134
0.000037741600880
-0.001833289591691
-0.003798152010755
0.000341855465207
0.002429327438379
0.000000022703418
-0.000000074686299
0.000000000003623
-0.000000688582054
0.000000798450331
-0.000046063479057
0.000000000000031
-0.000000002427210
0.000000011687855
-0.000019178623956
-0.000000002058704
0.000000010156297
-0.000033867432851
-0.000006804405909
0.000007995579596
0.000140911859472
0.000000044132491
-0.000000001408298
0.000000000001818
-0.000000567970197
0.000000373128276
-0.000081091230260
0.000000000000001
-0.000000021742846
0.000000021309665
-0.000035780319877
-0.000000020166254
0.000000020824766
-0.000100908151325
-0.000008114471927
0.000005295635173
0.000124539200751
0.000000000047303
-0.000171519883430
0.000014155971950
0.000000025842311
-0.000000002108686
0.000000000009817
-0.000082305798196
0.000071233063668
0.000048511767628
-0.000000000000018
-0.000003078235900
0.000004014692656
-0.000045758986735
-0.000059416774171
0.000035488697148
0.002864061926267
-0.003608342728119
0.000303858687180
0.002431345550030
0.000000021588761
-0.000000130837077
0.000000000003244
-0.000000648166571
0.000000751449809
-0.000043719576219
0.000000000000054
-0.000000001314103
0.000000007573574
-0.000019881648442
-0.000000002196087
0.000000006581687
-0.000033358486265
-0.000006409902875
0.000007525054655
0.000132644195514
0.000000038076195
-0.000000002893780
0.000000000001583
-0.000000532388569
0.000000351069550
-0.000072336159674
0.000000000000010
-0.000000018660612
0.000000020215330
-0.000036954374821
-0.000000020140317
0.000000017355813
-0.000082800396683
-0.000007632562386
0.000004981137852
0.000117144482463
0.000000000013012
-0.000163282193256
0.000013109294774
0.000000024916417
0.000000024406649
0.000000000009103
-0.000077966083753
0.000067066743479
0.000011170015461
-0.000000000000007
-0.000002897493811
0.000003775615568
-0.000042536727421
-0.000055850821556
0.000033351890661
0.002691619135497
-0.003513656407626
0.000303897593992
0.002431587345829
0.000000020113667
0.000000007408726
0.000000000002851
-0.000000606939891
0.000000704604719
-0.000040559261792
0.000000000000005
-0.000000002571423
0.000000007577131
-0.000018299108468
-0.000000003222508
0.000000008570924
-0.000033018186950
-0.000006038234541
0.000007082552207
0.000124381521871
0.000000037492185
-0.000000001444489
0.000000000001467
-0.000000502111459
0.000000330707247
-0.000070384047090
-0.000000000000002
-0.000000017205713
0.000000018177114
-0.000033542115894
-0.000000018573785
0.000000020305144
-0.000085392418015
-0.000007185187806
0.000004681697437
0.000110033939816
0.000000000041201
-0.000153537354791
0.000088816123415
0.000000059829290
-0.000000037027013
0.000000000007652
-0.000073645503086
0.000063251335895
0.000585412624030
0.000000000000016
-0.000002724047795
0.000003552394510
-0.000040963667711
-0.000052512040143
0.000031364087671
0.002527599164161
-0.003228610678889
0.000265873955993
0.001822780960718
0.000000023432158
-0.000000220956864
0.000000000002468
-0.000000569096649
0.000000670794722
-0.000039458722663
0.000000000000044
-0.000000000572750
0.000000008627613
-0.000015954781805
-0.000000002006713
0.000000007367261
-0.000031904807906
-0.000005682486304
0.000006668656380
0.000117473717339
0.000000036146133
-0.000000002624327
0.000000000001205
-0.000000466924044
0.000000310356180
-0.000065122345632
-0.000000000000004
-0.000000018257886
0.000000016521099
-0.000028975825472
-0.000000019168474
0.000000017430679
-0.000074534985146
-0.000006767436228
0.000004399663670
0.000103776591331
0.000000000017798
-0.000144028250176
0.000011696678596
0.000000014428693
0.000000027910677
0.000000000007203
-0.000069594178173
0.000059472479621
-0.000058014085992
0.000000000000041
-0.000002562525931
0.000003335998438
-0.000037437402969
-0.000049358454618
0.000029479445128
0.002374568331854
-0.003038761141723
0.000265906639636
0.002432026989188
0.000000019624750
-0.000000066991829
0.000000000002265
-0.000000535644784
0.000000628625896
-0.000037772773556
-0.000000000000014
-0.000000000987126
0.000000007307006
-0.000015755017901
-0.000000000874878
0.000000006513160
-0.000032722483993
-0.000005342254599
0.000006253116464
0.000110223963318
0.000000028122258
-0.000000006128406
0.000000000001142
-0.000000442876021
0.000000290733556
-0.000064200342219
0.000000000000001
-0.000000015667005
0.000000017649559
-0.000027546006613
-0.000000017535097
0.000000016249522
-0.000078724296969
-0.000006364350815
0.000004140235389
0.000097582166294
0.000000000013314
-0.000133160036377
0.000010620448712
0.000000052967479
-0.000000041510458
0.000000000006638
-0.000065760854243
0.000055997620014
-0.000090239916921
0.000000000000016
-0.000002410722055
0.000003139518783
-0.000035889879265
-0.000046444341609
0.000027727558385
0.002239214985666
-0.002896536928408
0.000265942680872
0.001518835112742
0.000000018669461
0.000000005774409
0.000000000002067
-0.000000507000070
0.000000597766365
-0.000034103887189
-0.000000000000011
-0.000000000933423
0.000000006529684
-0.000015254115778
-0.000000001732059
0.000000007475921
-0.000029764588507
-0.000005034992780
0.000005882032775
0.000103523893443
0.000000021426274
0.000000000715529
0.000000000001047
-0.000000414466267
0.000000275145326
-0.000058095802938
-0.000000000000004
-0.000000012924201
0.000000013813458
-0.000027810540765
-0.000000015725729
0.000000015244130
-0.000071928356988
-0.000005993291327
0.000003899985445
0.000091456475204
-0.000000000007486
-0.000127138556934
0.000010162728558
0.000000005323102
0.000000041982650
0.000000000005542
-0.000062297444646
0.000052723629153
-0.000120536620981
0.000000000000004
-0.000002281287192
0.000002950268666
-0.000035020414167
-0.000043664784238
0.000026052414123
0.002103570454144
-0.002706590705197
0.000227920348605
0.002431342242022
0.000000019304537
-0.000000018272328
0.000000000001811
-0.000000476058090
0.000000560548381
-0.000030823805125
0.000000000000014
-0.000000000439613
0.000000005564917
-0.000014936875661
-0.000000001133932
0.000000006170022
-0.000024605305430
-0.000004736292062
0.000005543303669
0.000097452374579
0.000000029942612
-0.000000000078158
0.000000000000884
-0.000000387300776
0.000000260298891
-0.000051991715493
0.000000000000011
-0.000000015639651
0.000000014211946
-0.000022252834029
-0.000000014083742
0.000000014508931
-0.000057346021578
-0.000005630350115
0.000003667028250
0.000086187977523
0.000000000019844
-0.000117334517071
0.000086005613306
0.000000055348622
-0.000000049913008
0.000000000004606
-0.000058788994666
0.000049789630382
0.000460533063427
-0.000000000000038
-0.000002175015939
0.000002797474954
-0.000032925900825
-0.000041120466927
0.000024495771617
-0.002899335075813
-0.002611758563385
0.000189888191756
0.001212531326782
0.000000021913181
-0.000000108181450
0.000000000001467
-0.000000448128282
0.000000520177125
-0.000029711486150
-0.000000000000059
-0.000000000897647
0.000000006364495
-0.000014354400756
-0.000000000665902
0.000000006179559
-0.000023784938988
-0.000004457630370
0.000005209823260
0.000091804159606
0.000000033062321
-0.000000003350230
0.000000000000724
-0.000000368104082
0.000000245359183
-0.000050201879361
-0.000000000000012
-0.000000013041708
0.000000015169478
-0.000024606548287
-0.000000012929090
0.000000013236943
-0.000055302642807
-0.000005302777925
0.000003443769475
0.000081124866032
-0.000000000018554
-0.000111793922862
0.000009181561452
0.000000018468384
0.000000005117408
0.000000000004231
-0.000055400391813
0.000046805906951
0.000434200481979
-0.000000000000022
-0.000002067609128
0.000002660252272
-0.001248189711270
-0.000038587601791
0.000023053647612
0.001856988970947
-0.002374319264563
0.000189913794785
0.001518665351166
0.000000020396342
-0.000000064065003
0.000000000001380
-0.000000419941773
0.000000490206972
-0.000028246119378
-0.000000000000049
-0.000000000194492
0.000000005562932
-0.000013657443169
-0.000000001597443
0.000000007435856
-0.000024875898395
-0.000004192694455
0.000004896771076
0.000086159170486
0.000000026075071
-0.000000003552963
0.000000000000654
-0.000000339655992
0.000000226562136
-0.000048903461852
-0.000000000000012
-0.000000013873180
0.000000013825330
-0.000027383379347
-0.000000011261762
0.000000012143935
-0.000055729986286
-0.000004981545629
0.000003243955810
0.000076246495741
-0.000000000013037
-0.000106762196836
0.000008352884855
0.000000024929889
0.000000001324175
0.000000000003947
-0.000052359355249
0.000043987709251
-0.000199610697501
0.000000000000002
-0.000001954345060
0.000002534371350
-0.000027303653328
-0.000036330401310
0.000021672896847
0.001745466380596
-0.002231859474446
0.000189948710730
0.001214828036133
0.000000020299616
0.000000024355934
0.000000000001277
-0.000000395412819
0.000000456872821
-0.000028531407697
-0.000000000000001
-0.000000000921284
0.000000004133101
-0.000012147698884
-0.000000001162200
0.000000005911242
-0.000020336497945
-0.000003944197202
0.000004614880109
0.000081047931001
0.000000024046813
0.000000002275341
0.000000000000623
-0.000000323895512
0.000000215091876
-0.000047008214350
0.000000000000007
-0.000000012597727
0.000000011443768
-0.000023391877974
-0.000000011339823
0.000000011339007
-0.000043060897099
-0.000004691063083
0.000003049458628
0.000071513677646
0.000000000007135
-0.000101046304977
0.000084480861319
0.000000023272875
-0.000000003738754
0.000000000003207
-0.000049412303452
0.000041448384567
0.000385210491020
-0.000000000000012
-0.000001854894213
0.000002389814025
-0.001243543263819
-0.000034139956198
0.000020358548606
0.001642262884476
-0.002089386418318
0.000151908044807
0.000910670109674
0.000000022088109
-0.000000058617486
0.000000000001132
-0.000000369006962
0.000000428443047
-0.000024331827208
0.000000000000067
-0.000000000263875
0.000000005654305
-0.000013480260110
-0.000000000053496
0.000000006091313
-0.000018450386381
-0.000003709078520
0.000004336526838
0.000076387349605
0.000000032640941
-0.000000003621105
0.000000000000488
-0.000000303908613
0.000000199566886
-0.000043751257502
-0.000000000000012
-0.000000011677289
0.000000013945033
-0.000021092368684
-0.000000010917639
0.000000011716049
-0.000043751825899
-0.000004418008770
0.000002863289227
0.000067211518594
-0.000000000016167
-0.000094343135075
0.000008164343540
0.000000023242052
0.000000008767726
0.000000000002933
-0.000046609063058
0.000039016547974
0.000362955799379
0.000000000000016
-0.000001750107430
0.000002268149665
-0.000023264045766
-0.000032113864828
0.000019137572309
0.001537237258938
-0.001994511894152
0.000151930500184
0.001215560254561
0.000000021703009
-0.000000131777297
0.000000000000905
-0.000000345992178
0.000000401836549
-0.000024883232346
-0.000000000000041
-0.000000000329413
0.000000003195319
-0.000010777051609
-0.000000000556221
0.000000004744440
-0.000019762951525
-0.000003491451212
0.000004080103680
0.000071484243449
0.000000027120763
-0.000000003569275
0.000000000000447
-0.000000284681878
0.000000187879529
-0.000041422130694
-0.000000000000005
-0.000000011147509
0.000000012986137
-0.000016304103816
-0.000000010044703
0.000000012770110
-0.000044886188249
-0.000004158161778
0.000002694648786
0.000063351811328
-0.000000000000723
-0.000086995551754
0.000159464383456
0.000000029311224
-0.000000006768162
0.000000000002972
-0.000043896894996
0.000036712311735
0.000342043311716
0.000000000000079
-0.000001647101897
0.000002132588351
-0.000631092824503
-0.000030220149167
0.000017998686476
0.001452388403345
-0.001852024957015
0.000190014494183
0.001215320700429
0.000000019232601
0.000000050676130
0.000000000000987
-0.000000326364495
0.000000384924704
-0.000022764966364
0.000000000000021
-0.000000000258233
0.000000002752658
-0.000008442663792
-0.000000002008536
0.000000004567583
-0.000015791639014
-0.000003280605096
0.000003829182994
0.000067398749419
0.000000020473010
0.000000000562763
0.000000000000459
-0.000000270845050
0.000000180717627
-0.000038550040315
0.000000000000006
-0.000000007939472
0.000000009885316
-0.000017569875631
-0.000000011060579
0.000000008380139
-0.000023436987959
-0.000003910032738
0.000002549723388
0.000059480627382
-0.000000000007467
-0.000083359231176
0.000006541039010
0.000000023285494
0.000000007066743
0.000000000002309
-0.000041461675953
0.000034519374422
-0.000287499275769
-0.000000000000010
-0.000001554501760
0.000002014130385
-0.000020132696387
-0.000028382657406
0.000016901344703
0.001355641763396
-0.001757081938440
0.000151971930258
0.000911394337201
0.000000021951315
-0.000000058101440
0.000000000000797
-0.000000304072789
0.000000359889894
-0.000018476094762
0.000000000000042
0.000000001150493
0.000000003441105
-0.000009241305381
-0.000000000961690
0.000000005461920
-0.000017208997641
-0.000003086776743
0.000003592905292
0.000063147101791
0.000000025900931
-0.000000002669982
0.000000000000358
-0.000000254550519
0.000000170971062
-0.000034218523167
-0.000000000000012
-0.000000009334930
0.000000011074378
-0.000018963605626
-0.000000009840964
0.000000010158218
-0.000033796952323
-0.000003674577523
0.000002390636623
0.000056048406726
0.000000000002408
-0.000076516826390
0.000006755112065
0.000000030000564
0.000000006277635
0.000000000002106
-0.000039156484129
0.000032509963462
0.000302518558652
0.000000000000002
-0.000001472323273
0.000001893737301
-0.000019764617492
-0.000026721904273
0.000015910196944
0.001281281581599
-0.001614708578710
0.000151987964615
0.001215047784568
0.000000021701183
-0.000000008244239
0.000000000000656
-0.000000289479341
0.000000342776342
-0.000018619614181
-0.000000000000061
0.000000000705137
0.000000002489550
-0.000010041854827
-0.000000001122491
0.000000006042140
-0.000016958544196
-0.000002905438332
0.000003382174952
0.000059309890144
0.000000024201739
-0.000000000404162
0.000000000000319
-0.000000235803516
0.000000155828729
-0.000030605825428
0.000000000000001
-0.000000009215930
0.000000008829145
-0.000013945831384
-0.000000009122829
0.000000009919414
-0.000043699472627
-0.000003450382574
0.000002247789337
0.000052653944234
-0.000000000030350
-0.000071474378309
0.000005895166436
0.000000041274504
-0.000000030945333
0.000000000001923
-0.000036840773250
0.000030657792242
0.000284965018184
-0.000000000000001
-0.000001386947732
0.000001796078523
-0.000017987045482
-0.000025114590021
0.000014958574666
-0.003673849725532
-0.001519980997184
0.000152017381881
0.000910684736096
0.000000023630975
0.000000097020447
0.000000000000628
-0.000000270663286
0.000000310297436
-0.000020724050452
-0.000000000000006
0.000000000965021
0.000000005339082
-0.000009694134367
-0.000000001151193
0.000000007139445
-0.000017897465460
-0.000002731337827
0.000003175859335
0.000055914458613
0.000000022514740
0.000000000417741
0.000000000000296
-0.000000216336475
0.000000146486267
-0.000033662305883
0.000000000000018
-0.000000007607147
0.000000008489439
-0.000016422012145
-0.000000008178979
0.000000009633500
-0.000029527318674
-0.000003245667266
0.000002104046251
0.000049403445260
-0.000000000002595
-0.000071722502618
0.000005947793438
0.000000020198854
0.000000028728521
0.000000000001468
-0.000034801755516
0.000028798766692
0.000268468193240
0.000000000000023
-0.000001316195860
0.000001695771599
-0.000016968188884
-0.000023568091684
0.000014051682145
0.001129854680875
-0.001425347302759
0.000113990509493
0.000910808555084
0.000000026191756
-0.000000031966235
0.000000000000520
-0.000000256120828
0.000000302596683
-0.000019106630746
0.000000000000052
0.000000000380357
0.000000000863114
-0.000006688066986
-0.000000000859810
0.000000003615861
-0.000016921898838
-0.000002569252745
0.000002994718760
0.000052473576783
0.000000031276869
-0.000000000507638
0.000000000000234
-0.000000207616879
0.000000140436041
-0.000031748850825
0.000000000000016
-0.000000008832776
0.000000010863000
-0.000017456451481
-0.000000009384180
0.000000009799141
-0.000028455090529
-0.000003049033581
0.000001978872724
0.000046768767223
0.000000000025476
-0.000064874721900
0.000005435422531
0.000000061644940
-0.000000057290474
0.000000000001328
-0.000032748980972
0.000027159050237
0.000251985514581
0.000000000000053
-0.000001247421323
0.000001607639971
-0.000016787255596
-0.000022199019560
0.000013188710769
-0.003811317914409
-0.001377983018691
0.000114028479576
0.000910866388184
0.000000028971115
0.000000000270131
0.000000000000447
-0.000000240755380
0.000000275446897
-0.000015438519902
-0.000000000000050
0.000000001790122
0.000000001188204
-0.000006724507435
0.000000000013236
0.000000003315995
-0.000014775577754
-0.000002418760197
0.000002819004191
0.000049409374991
0.000000033344946
-0.000000000837558
0.000000000000194
-0.000000197423800
0.000000130444001
-0.000024929650257
0.000000000000003
-0.000000003398265
0.000000006026421
-0.000018276891865
-0.000000006007724
0.000000009612085
-0.000030557816501
-0.000002869915860
0.000001858080781
0.000043456128690
-0.000000000008816
-0.000059957010741
0.000005179740274
0.000000004745459
0.000000008964218
0.000000000001148
-0.000030900036023
0.000025492400823
-0.000371886192955
-0.000000000000047
-0.000001169663928
0.000001519198088
-0.000014855323285
-0.000020848603874
0.000012419727877
0.000998663373112
-0.001330512330538
0.000114045584219
0.000912382827237
0.000000029218917
0.000000051231033
0.000000000000418
-0.000000226574443
0.000000273399503
-0.000015430973578
0.000000000000024
0.000000000326316
0.000000002280216
-0.000006606005938
0.000000000198084
0.000000003788815
-0.000015256517873
-0.000002271651729
0.000002632039320
0.000046502216968
0.000000033300722
-0.000000000150318
0.000000000000171
-0.000000186864087
0.000000119481873
-0.000025298445722
-0.000000000000003
-0.000000007364210
0.000000009633743
-0.000010957225939
-0.000000005135801
0.000000006152306
-0.000030562658566
-0.000002702668432
0.000001745487038
0.000041216275655
-0.000000000001792
-0.000057087631887
0.000157054299227
0.000000019938653
-0.000000012106705
0.000000000000953
-0.000029088606436
0.000024020017971
0.000223205667028
-0.000000000000020
-0.000001103787874
0.000001425155668
-0.000014305366332
-0.000019613500184
0.000011675855310
0.000937549289779
-0.001330700696602
0.000114057308215
0.000607663672817
0.000000031812000
0.000000138973832
0.000000000000346
-0.000000214758996
0.000000251840849
-0.000013487915424
-0.000000000000000
0.000000000598951
0.000000003356975
-0.000007404412813
0.000000000152058
0.000000003445091
-0.000009048000592
-0.000002138250554
0.000002497734133
0.000043712661846
0.000000048259551
0.000000004626987
0.000000000000136
-0.000000171156837
0.000000112596170
-0.000029132900524
-0.000000000000009
-0.000000006667774
0.000000006315069
-0.000013999282366
-0.000000005882559
0.000000006524645
-0.000035952790796
-0.000002539468521
0.000001639014336
0.000038474970228
-0.000000000001664
-0.000056254115677
0.000004805459747
0.000000007433655
0.000000020123018
0.000000000000662
-0.000027452091922
0.000022564889855
-0.000398240273013
0.000000000000009
-0.000001039939563
0.000001346291842
-0.000013016729896
-0.000018436993323
0.000010973028924
0.000882470154327
-0.001235666871085
0.000076007184800
0.000608008450219
0.000000037635175
-0.000000111118822
0.000000000000197
-0.000000202775570
0.000000235249071
-0.000014534523315
0.000000000000007
0.000000001210100
0.000000005387992
-0.000006389301548
0.000000000853473
0.000000003005209
-0.000013924474983
-0.000002015207934
0.000002334706317
0.000041128571727
0.000000066512911
-0.000000004945704
0.000000000000101
-0.000000156377120
0.000000108120784
-0.000022090796373
0.000000000000009
-0.000000007412390
0.000000006977725
-0.000012295250187
-0.000000004054348
0.000000004095861
-0.000032926468151
-0.000002391501370
0.000001544930200
0.000036477573879
-0.000000000019479
-0.000096259568792
0.000013680969499
0.000000028654583
0.000000000000737
0.000021267166299
0.000163587015165
0.000000000000004
0.000001266091560
-0.000121204975323
0.000010339635941
0.000553489499290
0.000114079765464
0.000098379369233
0.000000037401016
0.000000000000214
0.000000220678684
-0.000015593025418
-0.000000000000057
0.000000003257076
-0.000018212873913
0.000000002998576
-0.000013212595908
0.000002197727109
0.000028884929367
0.000000059997404
0.000000000000111
0.000000098705070
-0.000023152324827
0.000000000000007
0.000000007977399
-0.000037838403586
0.000000003397793
-0.000020146020745
0.000001452624073
0.000028551691400
