Scalar parameters:
rho: -0.5385
delta: 0.0600
rss: 0.0200
psi: -1.0000

VECTOR PARAMETERS (1 x NC):
G: 3.3869 2.7848 3.3588
beta: 0.9804 0.9804 0.9804
phi: 3.0000 3.0000 3.0000
lbar: 198.0000 136.4233 453.9043
kk0: 394.1630 489.6249 913.8070
tauk: 0.0726 -0.6721 0.0621
b0: 157.5936 -95.1603 -62.4333

MATRIX PARAMETERS (NC x (NS-1)):

sig:
 0.7500 0.7500 0.7500
 0.7500 0.7500 0.7500
 0.7500 0.7500 0.7500

H:
 2.3913 2.6991 1.8754
 2.0102 2.1107 2.0223
 2.2469 2.3158 1.8785

zeta:
 0.7500 0.7500 0.7500
 0.7500 0.7500 0.7500
 0.7500 0.7500 0.7500

M:
 2.4850 2.6573 1.9410
 2.1161 2.1115 2.0914
 2.1866 2.2722 2.0169


MATRIX PARAMETERS (NC x NS):

lam_va:
 0.3861 0.4392 0.6194 0.5106
 0.2603 0.2828 0.5922 0.2818
 0.3704 0.3790 0.5990 0.4589

alpha:
 0.3400 0.3400 0.3400 0.3400
 0.3400 0.3400 0.3400 0.3400
 0.3400 0.3400 0.3400 0.3400

A:
 0.8252 0.8252 0.8252 0.8252
 0.6754 0.6754 0.6754 0.6754
 0.8221 0.8221 0.8221 0.8221


3D PARAMETERS:

eps (NC x 2 x NS:
 0.0039 0.0424 0.9538 0.0000	 0.0551 0.2204 0.4183 0.3062
 0.0035 0.1933 0.8031 0.0000	 0.0267 0.2375 0.1415 0.5942
 0.0091 0.1163 0.8746 0.0000	 0.0488 0.2485 0.2748 0.4279

theta (NC x (NS-1) x NC):
 0.5015 0.1955 0.3030	 0.4386 0.2418 0.3196	 0.6200 0.1367 0.2434
 0.1500 0.5858 0.2642	 0.1565 0.5615 0.2820	 0.1682 0.5840 0.2478
 0.2248 0.2396 0.5356	 0.2075 0.2725 0.5201	 0.2098 0.1699 0.6203

mu (NC x (NS-1) x NC):
 0.4795 0.1984 0.3221	 0.4482 0.2375 0.3143	 0.6025 0.1364 0.2611
 0.1338 0.5567 0.3095	 0.1514 0.5607 0.2879	 0.1655 0.5671 0.2674
 0.2153 0.2364 0.5483	 0.2031 0.2678 0.5292	 0.2333 0.1808 0.5859

lam (NC x NS x (NS-1)):
 0.3074 0.0404 0.2661	 0.0973 0.2311 0.2324	 0.0224 0.0216 0.3366	 0.1825 0.0610 0.2459
 0.4970 0.0663 0.1764	 0.1377 0.4390 0.1405	 0.0688 0.1072 0.2318	 0.4313 0.0732 0.2137
 0.3744 0.0483 0.2069	 0.1124 0.3032 0.2054	 0.0415 0.0474 0.3122	 0.2491 0.0691 0.2229

